# Histgram data:
# Arg. Con.	Freq.

0.080127	4.0
0.080381	0.0
0.080635	0.0
0.080889	14.0
0.081143	0.0
0.081397	0.0
0.081651	0.0
0.081905	0.0
0.082159	0.0
0.082413	0.0
0.082667	0.0
0.082921	2.0
0.083175	0.0
0.083429	0.0
0.083683	0.0
0.083937	6.0
0.084191	0.0
0.084445	0.0
0.084699	0.0
0.084953	4.0
0.085207	0.0
0.085461	0.0
0.085715	0.0
0.085969	6.0
0.086223	0.0
0.086477	0.0
0.086731	0.0
0.086985	13.0
0.087239	0.0
0.087493	0.0
0.087747	0.0
0.088001	6.0
0.088255	0.0
0.088509	0.0
0.088763	0.0
0.089017	6.0
0.089271	0.0
0.089525	0.0
0.089779	0.0
0.090033	1.0
0.090287	0.0
0.090541	0.0
0.090795	0.0
0.091049	7.0
0.091303	0.0
0.091557	0.0
0.091811	0.0
0.092065	5.0
0.092319	0.0
0.092573	0.0
0.092827	0.0
0.093081	11.0
0.093335	0.0
0.093589	0.0
0.093843	0.0
0.094097	13.0
0.094351	0.0
0.094605	0.0
0.094859	0.0
0.095113	15.0
0.095367	0.0
0.095621	0.0
0.095875	32.0
0.096129	0.0
0.096383	0.0
0.096637	0.0
0.096891	42.0
0.097145	0.0
0.097399	0.0
0.097653	0.0
0.097907	44.0
0.098161	0.0
0.098415	0.0
0.098669	0.0
0.098923	70.0
0.099177	0.0
0.099431	0.0
0.099685	0.0
0.099939	64.0
0.100193	0.0
0.100447	0.0
0.100701	0.0
0.100955	55.0
0.101209	0.0
0.101463	0.0
0.101717	0.0
0.101971	75.0
0.102225	0.0
0.102479	0.0
0.102733	0.0
0.102987	139.0
0.103241	0.0
0.103495	0.0
0.103749	0.0
0.104003	184.0
0.104257	0.0
0.104511	0.0
0.104765	0.0
0.105019	186.0
0.105273	0.0
0.105527	0.0
0.105781	0.0
0.106035	230.0
0.106289	0.0
0.106543	0.0
0.106797	0.0
0.107051	303.0
0.107305	0.0
0.107559	0.0
0.107813	0.0
0.108067	338.0
0.108321	0.0
0.108575	0.0
0.108829	0.0
0.109083	479.0
0.109337	0.0
0.109591	0.0
0.109845	0.0
0.110099	567.0
0.110353	0.0
0.110607	0.0
0.110861	0.0
0.111115	681.0
0.111369	0.0
0.111623	0.0
0.111877	797.0
0.112131	0.0
0.112385	0.0
0.112639	0.0
0.112893	854.0
0.113147	0.0
0.113401	0.0
0.113655	0.0
0.113909	1131.0
0.114163	0.0
0.114417	0.0
0.114671	0.0
0.114925	1277.0
0.115179	0.0
0.115433	0.0
0.115687	0.0
0.115941	1487.0
0.116195	0.0
0.116449	0.0
0.116703	0.0
0.116957	1786.0
0.117211	0.0
0.117465	0.0
0.117719	0.0
0.117973	2061.0
0.118227	0.0
0.118481	0.0
0.118735	0.0
0.118989	2386.0
0.119243	0.0
0.119497	0.0
0.119751	0.0
0.120005	2749.0
0.120259	0.0
0.120513	0.0
0.120767	0.0
0.121021	3127.0
0.121275	0.0
0.121529	0.0
0.121783	0.0
0.122037	3509.0
0.122291	0.0
0.122545	0.0
0.122799	0.0
0.123053	3925.0
0.123307	0.0
0.123561	0.0
0.123815	0.0
0.124069	4654.0
0.124323	0.0
0.124577	0.0
0.124831	0.0
0.125085	5193.0
0.125339	0.0
0.125593	0.0
0.125847	0.0
0.126101	5782.0
0.126355	0.0
0.126609	0.0
0.126863	0.0
0.127117	6405.0
0.127371	0.0
0.127625	0.0
0.127879	7243.0
0.128133	0.0
0.128387	0.0
0.128641	0.0
0.128895	8089.0
0.129149	0.0
0.129403	0.0
0.129657	0.0
0.129911	8927.0
0.130165	0.0
0.130419	0.0
0.130673	0.0
0.130927	9965.0
0.131181	0.0
0.131435	0.0
0.131689	0.0
0.131943	10883.0
0.132197	0.0
0.132451	0.0
0.132705	0.0
0.132959	11777.0
0.133213	0.0
0.133467	0.0
0.133721	0.0
0.133975	13062.0
0.134229	0.0
0.134483	0.0
0.134737	0.0
0.134991	14339.0
0.135245	0.0
0.135499	0.0
0.135753	0.0
0.136007	15544.0
0.136261	0.0
0.136515	0.0
0.136769	0.0
0.137023	16841.0
0.137277	0.0
0.137531	0.0
0.137785	0.0
0.138039	18138.0
0.138293	0.0
0.138547	0.0
0.138801	0.0
0.139055	19324.0
0.139309	0.0
0.139563	0.0
0.139817	0.0
0.140071	20538.0
0.140325	0.0
0.140579	0.0
0.140833	0.0
0.141087	21652.0
0.141341	0.0
0.141595	0.0
0.141849	0.0
0.142103	22791.0
0.142357	0.0
0.142611	0.0
0.142865	0.0
0.143119	24204.0
0.143373	0.0
0.143627	0.0
0.143881	25208.0
0.144135	0.0
0.144389	0.0
0.144643	0.0
0.144897	26210.0
0.145151	0.0
0.145405	0.0
0.145659	0.0
0.145913	27215.0
0.146167	0.0
0.146421	0.0
0.146675	0.0
0.146929	27907.0
0.147183	0.0
0.147437	0.0
0.147691	0.0
0.147945	28031.0
0.148199	0.0
0.148453	0.0
0.148707	0.0
0.148961	28526.0
0.149215	0.0
0.149469	0.0
0.149723	0.0
0.149977	29129.0
0.150231	0.0
0.150485	0.0
0.150739	0.0
0.150993	29130.0
0.151247	0.0
0.151501	0.0
0.151755	0.0
0.152009	29459.0
0.152263	0.0
0.152517	0.0
0.152771	0.0
0.153025	28739.0
0.153279	0.0
0.153533	0.0
0.153787	0.0
0.154041	29076.0
0.154295	0.0
0.154549	0.0
0.154803	0.0
0.155057	28615.0
0.155311	0.0
0.155565	0.0
0.155819	0.0
0.156073	28179.0
0.156327	0.0
0.156581	0.0
0.156835	0.0
0.157089	27656.0
0.157343	0.0
0.157597	0.0
0.157851	0.0
0.158105	26514.0
0.158359	0.0
0.158613	0.0
0.158867	0.0
0.159121	25213.0
0.159375	0.0
0.159629	0.0
0.159883	24605.0
0.160137	0.0
0.160391	0.0
0.160645	0.0
0.160899	23412.0
0.161153	0.0
0.161407	0.0
0.161661	0.0
0.161915	21838.0
0.162169	0.0
0.162423	0.0
0.162677	0.0
0.162931	20442.0
0.163185	0.0
0.163439	0.0
0.163693	0.0
0.163947	18924.0
0.164201	0.0
0.164455	0.0
0.164709	0.0
0.164963	17532.0
0.165217	0.0
0.165471	0.0
0.165725	0.0
0.165979	16264.0
0.166233	0.0
0.166487	0.0
0.166741	0.0
0.166995	14695.0
0.167249	0.0
0.167503	0.0
0.167757	0.0
0.168011	13395.0
0.168265	0.0
0.168519	0.0
0.168773	0.0
0.169027	12285.0
0.169281	0.0
0.169535	0.0
0.169789	0.0
0.170043	11180.0
0.170297	0.0
0.170551	0.0
0.170805	0.0
0.171059	9751.0
0.171313	0.0
0.171567	0.0
0.171821	0.0
0.172075	8588.0
0.172329	0.0
0.172583	0.0
0.172837	0.0
0.173091	7483.0
0.173345	0.0
0.173599	0.0
0.173853	0.0
0.174107	6590.0
0.174361	0.0
0.174615	0.0
0.174869	0.0
0.175123	5753.0
0.175377	0.0
0.175631	0.0
0.175885	4880.0
0.176139	0.0
0.176393	0.0
0.176647	0.0
0.176901	4146.0
0.177155	0.0
0.177409	0.0
0.177663	0.0
0.177917	3555.0
0.178171	0.0
0.178425	0.0
0.178679	0.0
0.178933	3006.0
0.179187	0.0
0.179441	0.0
0.179695	0.0
0.179949	2437.0
0.180203	0.0
0.180457	0.0
0.180711	0.0
0.180965	2192.0
0.181219	0.0
0.181473	0.0
0.181727	0.0
0.181981	1722.0
0.182235	0.0
0.182489	0.0
0.182743	0.0
0.182997	1350.0
0.183251	0.0
0.183505	0.0
0.183759	0.0
0.184013	1066.0
0.184267	0.0
0.184521	0.0
0.184775	0.0
0.185029	882.0
0.185283	0.0
0.185537	0.0
0.185791	0.0
0.186045	735.0
0.186299	0.0
0.186553	0.0
0.186807	0.0
0.187061	557.0
0.187315	0.0
0.187569	0.0
0.187823	0.0
0.188077	423.0
0.188331	0.0
0.188585	0.0
0.188839	0.0
0.189093	371.0
0.189347	0.0
0.189601	0.0
0.189855	0.0
0.190109	279.0
0.190363	0.0
0.190617	0.0
0.190871	0.0
0.191125	212.0
0.191379	0.0
0.191633	0.0
0.191887	167.0
0.192141	0.0
0.192395	0.0
0.192649	0.0
0.192903	98.0
0.193157	0.0
0.193411	0.0
0.193665	0.0
0.193919	93.0
0.194173	0.0
0.194427	0.0
0.194681	0.0
0.194935	65.0
0.195189	0.0
0.195443	0.0
0.195697	0.0
0.195951	49.0
0.196205	0.0
0.196459	0.0
0.196713	0.0
0.196967	32.0
0.197221	0.0
0.197475	0.0
0.197729	0.0
0.197983	28.0
0.198237	0.0
0.198491	0.0
0.198745	0.0
0.198999	21.0
0.199253	0.0
0.199507	0.0
0.199761	0.0
0.200015	14.0
0.200269	0.0
0.200523	0.0
0.200777	0.0
0.201031	18.0
0.201285	0.0
0.201539	0.0
0.201793	0.0
0.202047	5.0
0.202301	0.0
0.202555	0.0
0.202809	0.0
0.203063	4.0
0.203317	0.0
0.203571	0.0
0.203825	0.0
0.204079	4.0
0.204333	0.0
0.204587	0.0
0.204841	0.0
0.205095	1.0
0.205349	0.0
0.205603	0.0
0.205857	0.0
0.206111	1.0
0.206365	0.0
0.206619	0.0
0.206873	1.0
