# Histgram data:
# Arg. Con.	Freq.

0.000557	141.0
0.001671	0.0
0.002785	0.0
0.003899	0.0
0.005013	0.0
0.006127	0.0
0.007241	0.0
0.008355	0.0
0.009469	0.0
0.010583	0.0
0.011697	0.0
0.012811	0.0
0.013925	0.0
0.015039	0.0
0.016153	0.0
0.017267	0.0
0.018381	0.0
0.019495	0.0
0.020609	0.0
0.021723	0.0
0.022837	0.0
0.023951	0.0
0.025065	0.0
0.026179	0.0
0.027293	0.0
0.028407	0.0
0.029521	0.0
0.030635	0.0
0.031749	0.0
0.032863	0.0
0.033977	0.0
0.035091	0.0
0.036205	0.0
0.037319	0.0
0.038433	0.0
0.039547	0.0
0.040661	0.0
0.041775	0.0
0.042889	0.0
0.044003	0.0
0.045117	0.0
0.046231	0.0
0.047345	0.0
0.048459	0.0
0.049573	0.0
0.050687	0.0
0.051801	0.0
0.052915	0.0
0.054029	0.0
0.055143	0.0
0.056257	0.0
0.057371	0.0
0.058485	0.0
0.059599	0.0
0.060713	0.0
0.061827	0.0
0.062941	0.0
0.064055	0.0
0.065169	0.0
0.066283	0.0
0.067397	0.0
0.068511	0.0
0.069625	0.0
0.070739	0.0
0.071853	0.0
0.072967	0.0
0.074081	0.0
0.075195	0.0
0.076309	0.0
0.077423	0.0
0.078537	0.0
0.079651	0.0
0.080765	0.0
0.081879	0.0
0.082993	0.0
0.084107	0.0
0.085221	0.0
0.086335	0.0
0.087449	0.0
0.088563	0.0
0.089677	0.0
0.090791	0.0
0.091905	0.0
0.093019	0.0
0.094133	0.0
0.095247	0.0
0.096361	0.0
0.097475	0.0
0.098589	0.0
0.099703	0.0
0.100817	0.0
0.101931	0.0
0.103045	0.0
0.104159	0.0
0.105273	0.0
0.106387	0.0
0.107501	0.0
0.108615	0.0
0.109729	0.0
0.110843	0.0
0.111957	0.0
0.113071	0.0
0.114185	0.0
0.115299	0.0
0.116413	0.0
0.117527	0.0
0.118641	0.0
0.119755	0.0
0.120869	0.0
0.121983	0.0
0.123097	0.0
0.124211	0.0
0.125325	0.0
0.126439	0.0
0.127553	0.0
0.128667	0.0
0.129781	0.0
0.130895	0.0
0.132009	0.0
0.133123	0.0
0.134237	0.0
0.135351	0.0
0.136465	0.0
0.137579	0.0
0.138693	0.0
0.139807	0.0
0.140921	0.0
0.142035	0.0
0.143149	0.0
0.144263	0.0
0.145377	0.0
0.146491	0.0
0.147605	0.0
0.148719	0.0
0.149833	0.0
0.150947	0.0
0.152061	0.0
0.153175	0.0
0.154289	0.0
0.155403	0.0
0.156517	0.0
0.157631	0.0
0.158745	0.0
0.159859	0.0
0.160973	0.0
0.162087	0.0
0.163201	0.0
0.164315	0.0
0.165429	0.0
0.166543	0.0
0.167657	0.0
0.168771	0.0
0.169885	0.0
0.170999	0.0
0.172113	0.0
0.173227	0.0
0.174341	0.0
0.175455	0.0
0.176569	0.0
0.177683	0.0
0.178797	0.0
0.179911	0.0
0.181025	0.0
0.182139	0.0
0.183253	0.0
0.184367	0.0
0.185481	0.0
0.186595	0.0
0.187709	0.0
0.188823	0.0
0.189937	0.0
0.191051	0.0
0.192165	0.0
0.193279	0.0
0.194393	0.0
0.195507	0.0
0.196621	0.0
0.197735	0.0
0.198849	0.0
0.199963	0.0
0.201077	0.0
0.202191	0.0
0.203305	0.0
0.204419	0.0
0.205533	0.0
0.206647	0.0
0.207761	0.0
0.208875	0.0
0.209989	0.0
0.211103	0.0
0.212217	0.0
0.213331	0.0
0.214445	0.0
0.215559	0.0
0.216673	0.0
0.217787	0.0
0.218901	0.0
0.220015	0.0
0.221129	0.0
0.222243	0.0
0.223357	0.0
0.224471	0.0
0.225585	0.0
0.226699	0.0
0.227813	0.0
0.228927	0.0
0.230041	0.0
0.231155	0.0
0.232269	0.0
0.233383	0.0
0.234497	0.0
0.235611	0.0
0.236725	0.0
0.237839	0.0
0.238953	0.0
0.240067	0.0
0.241181	0.0
0.242295	0.0
0.243409	0.0
0.244523	0.0
0.245637	0.0
0.246751	0.0
0.247865	0.0
0.248979	0.0
0.250093	0.0
0.251207	0.0
0.252321	0.0
0.253435	0.0
0.254549	0.0
0.255663	0.0
0.256777	0.0
0.257891	0.0
0.259005	0.0
0.260119	0.0
0.261233	0.0
0.262347	0.0
0.263461	0.0
0.264575	0.0
0.265689	0.0
0.266803	0.0
0.267917	0.0
0.269031	0.0
0.270145	0.0
0.271259	0.0
0.272373	0.0
0.273487	0.0
0.274601	0.0
0.275715	0.0
0.276829	0.0
0.277943	0.0
0.279057	0.0
0.280171	0.0
0.281285	0.0
0.282399	0.0
0.283513	0.0
0.284627	0.0
0.285741	0.0
0.286855	0.0
0.287969	0.0
0.289083	0.0
0.290197	0.0
0.291311	0.0
0.292425	0.0
0.293539	0.0
0.294653	0.0
0.295767	0.0
0.296881	0.0
0.297995	0.0
0.299109	0.0
0.300223	0.0
0.301337	0.0
0.302451	0.0
0.303565	0.0
0.304679	0.0
0.305793	0.0
0.306907	0.0
0.308021	0.0
0.309135	0.0
0.310249	0.0
0.311363	0.0
0.312477	0.0
0.313591	0.0
0.314705	0.0
0.315819	0.0
0.316933	0.0
0.318047	0.0
0.319161	0.0
0.320275	0.0
0.321389	0.0
0.322503	0.0
0.323617	0.0
0.324731	0.0
0.325845	0.0
0.326959	0.0
0.328073	0.0
0.329187	0.0
0.330301	0.0
0.331415	0.0
0.332529	0.0
0.333643	0.0
0.334757	0.0
0.335871	0.0
0.336985	0.0
0.338099	0.0
0.339213	0.0
0.340327	0.0
0.341441	0.0
0.342555	0.0
0.343669	0.0
0.344783	0.0
0.345897	0.0
0.347011	0.0
0.348125	0.0
0.349239	0.0
0.350353	0.0
0.351467	0.0
0.352581	0.0
0.353695	0.0
0.354809	0.0
0.355923	0.0
0.357037	0.0
0.358151	0.0
0.359265	0.0
0.360379	0.0
0.361493	0.0
0.362607	0.0
0.363721	0.0
0.364835	0.0
0.365949	0.0
0.367063	0.0
0.368177	0.0
0.369291	0.0
0.370405	0.0
0.371519	0.0
0.372633	0.0
0.373747	0.0
0.374861	0.0
0.375975	0.0
0.377089	0.0
0.378203	0.0
0.379317	0.0
0.380431	0.0
0.381545	0.0
0.382659	0.0
0.383773	0.0
0.384887	0.0
0.386001	0.0
0.387115	0.0
0.388229	0.0
0.389343	0.0
0.390457	0.0
0.391571	0.0
0.392685	0.0
0.393799	0.0
0.394913	0.0
0.396027	0.0
0.397141	0.0
0.398255	0.0
0.399369	0.0
0.400483	0.0
0.401597	0.0
0.402711	0.0
0.403825	0.0
0.404939	0.0
0.406053	0.0
0.407167	0.0
0.408281	0.0
0.409395	0.0
0.410509	0.0
0.411623	0.0
0.412737	0.0
0.413851	0.0
0.414965	0.0
0.416079	0.0
0.417193	0.0
0.418307	0.0
0.419421	0.0
0.420535	0.0
0.421649	0.0
0.422763	0.0
0.423877	0.0
0.424991	0.0
0.426105	0.0
0.427219	0.0
0.428333	0.0
0.429447	0.0
0.430561	0.0
0.431675	0.0
0.432789	0.0
0.433903	0.0
0.435017	0.0
0.436131	0.0
0.437245	0.0
0.438359	0.0
0.439473	0.0
0.440587	0.0
0.441701	0.0
0.442815	0.0
0.443929	0.0
0.445043	0.0
0.446157	0.0
0.447271	0.0
0.448385	0.0
0.449499	0.0
0.450613	0.0
0.451727	0.0
0.452841	0.0
0.453955	0.0
0.455069	0.0
0.456183	0.0
0.457297	0.0
0.458411	0.0
0.459525	0.0
0.460639	0.0
0.461753	0.0
0.462867	0.0
0.463981	0.0
0.465095	0.0
0.466209	0.0
0.467323	0.0
0.468437	0.0
0.469551	0.0
0.470665	0.0
0.471779	0.0
0.472893	0.0
0.474007	0.0
0.475121	0.0
0.476235	0.0
0.477349	0.0
0.478463	0.0
0.479577	0.0
0.480691	0.0
0.481805	0.0
0.482919	0.0
0.484033	0.0
0.485147	0.0
0.486261	0.0
0.487375	0.0
0.488489	0.0
0.489603	0.0
0.490717	0.0
0.491831	0.0
0.492945	0.0
0.494059	0.0
0.495173	0.0
0.496287	0.0
0.497401	0.0
0.498515	0.0
0.499629	0.0
0.500743	0.0
0.501857	0.0
0.502971	0.0
0.504085	0.0
0.505199	0.0
0.506313	0.0
0.507427	0.0
0.508541	0.0
0.509655	0.0
0.510769	0.0
0.511883	0.0
0.512997	0.0
0.514111	0.0
0.515225	0.0
0.516339	0.0
0.517453	0.0
0.518567	0.0
0.519681	0.0
0.520795	0.0
0.521909	0.0
0.523023	0.0
0.524137	0.0
0.525251	0.0
0.526365	0.0
0.527479	0.0
0.528593	0.0
0.529707	0.0
0.530821	0.0
0.531935	0.0
0.533049	0.0
0.534163	0.0
0.535277	0.0
0.536391	0.0
0.537505	0.0
0.538619	0.0
0.539733	0.0
0.540847	0.0
0.541961	0.0
0.543075	0.0
0.544189	0.0
0.545303	0.0
0.546417	0.0
0.547531	0.0
0.548645	0.0
0.549759	0.0
0.550873	0.0
0.551987	0.0
0.553101	0.0
0.554215	0.0
0.555329	0.0
0.556443	859.0
